相机内参:
  image_width: 640, image_height: 512
  scale:0.5, fx: 583.87649, fy: 584.137265, cx: 294.23006, cy: 247.87575
  畸变参数: k1: -0.123433, k2: 0.110772, p1: -0.00034, p2: 0.000389, k3: 0.0
相机外参:
  ext_pos_x: 0.057234565165352407
  ext_pos_y: -0.00016885154157443067
  ext_pos_z: 0.032347929798853675
  ext_q_x: -0.4958720033934534
  ext_q_y: 0.5088006285011735
  ext_q_z: -0.49617266022672396
  ext_q_w: 0.4990446552473132
