相机内参:
  image_width: 640, image_height: 512
  scale:0.5, fx: 673.921527, fy: 674.4122095, cx: 319.9864755, cy: 211.5552995
  畸变参数: k1: -0.092527, k2: 0.136413, p1: -0.008339, p2: 0.000112, k3: 0.0
相机外参:
  ext_pos_x: -0.2332672120402088
  ext_pos_y: -0.0009674351741242288
  ext_pos_z: 0.0330820664572401
  ext_q_x: 0.49363671045973395
  ext_q_y: -0.49278184029259026
  ext_q_z: 0.5089283143662165
  ext_q_w: -0.504460926931613
