相机内参:
  scale:0.5, fx: 591.2853455, fy: 590.933531, cx: 295.3867105, cy: 258.364266
  畸变参数: k1: -0.137447, k2: 0.121416, p1: 0.0, p2: 0.0, k3: 0.0
相机外参:
  ext_pos_x: 0.017649869510092366
  ext_pos_y: -0.00028420795893023033
  ext_pos_z: 0.05786957841377785
  ext_q_x: -0.4998300557368392
  ext_q_y: 0.5022480066663078
  ext_q_z: -0.4972074712385881
  ext_q_w: 0.5007010941932891
